Boot variables are allowed on this system

***

Boot variables information:

***

---- 6 ----
Description: UEFI: PXE IPV4 Intel(R) Ethernet Connection (7) I219-V
Path: Unknown
GUID: Unknown
Partition number: Unknown
Begin: Unknown
Partition Size: Unknown

----------------

Hex dump
00 00 00 00 CE 00 55 00 45 00 46 00 49 00 3A 00 20 00 50 00 58 00 45 00 20 00 49 00 50 00 56 00 34 00 20 00 49 00 6E 00 74 00 65 00 6C 00 28 00 52 00 29 00 20 00 45 00 74 00 68 00 65 00 72 00 6E 00 65 00 74 00 20 00 43 00 6F 00 6E 00 6E 00 65 00 63 00 74 00 69 00 6F 00 6E 00 20 00 28 00 37 00 29 00 20 00 49 00 32 00 31 00 39 00 2D 00 56 00 00 00 02 01 0C 00 D0 41 03 0A 00 00 00 00 01 01 06 00 06 1F 03 0B 25 00 F8 75 A4 09 60 43 00 00 00 00 00 00 00 00 00 00 00 00 00 00 00 00 00 00 00 00 00 00 00 00 00 00 00 03 0C 1B 00 00 00 00 00 00 00 00 00 00 00 00 00 00 00 00 00 00 00 00 00 00 00 00 7F FF 04 00 01 04 74 00 EF 47 64 2D C9 3B A0 41 AC 19 4D 51 D0 1B 4C E6 50 00 58 00 45 00 20 00 49 00 50 00 34 00 20 00 49 00 6E 00 74 00 65 00 6C 00 28 00 52 00 29 00 20 00 45 00 74 00 68 00 65 00 72 00 6E 00 65 00 74 00 20 00 43 00 6F 00 6E 00 6E 00 65 00 63 00 74 00 69 00 6F 00 6E 00 20 00 28 00 37 00 29 00 20 00 49 00 32 00 31 00 39 00 2D 00 56 00 00 00 7F FF 04 00 00 00 42 4F 


***

---- 4 ----
Description: Generic Usb Device
Path: Unknown
GUID: Unknown
Partition number: Unknown
Begin: Unknown
Partition Size: Unknown

----------------

Hex dump
09 00 00 00 30 00 47 00 65 00 6E 00 65 00 72 00 69 00 63 00 20 00 55 00 73 00 62 00 20 00 44 00 65 00 76 00 69 00 63 00 65 00 00 00 01 04 14 00 E7 75 E2 99 A0 75 37 4B A2 E6 C5 38 5E 6C 00 CB 7F FF 04 00 01 04 14 00 E7 75 E2 99 A0 75 37 4B A2 E6 C5 38 5E 6C 00 CB 7F FF 04 00 


***

---- 5 ----
Description: CD/DVD Device
Path: Unknown
GUID: Unknown
Partition number: Unknown
Begin: Unknown
Partition Size: Unknown

----------------

Hex dump
09 00 00 00 30 00 43 00 44 00 2F 00 44 00 56 00 44 00 20 00 44 00 65 00 76 00 69 00 63 00 65 00 00 00 01 04 14 00 E7 75 E2 99 A0 75 37 4B A2 E6 C5 38 5E 6C 00 CB 7F FF 04 00 01 04 14 00 E7 75 E2 99 A0 75 37 4B A2 E6 C5 38 5E 6C 00 CB 7F FF 04 00 


***

---- 0 ----
Description: Acronis loader
Path: \EFI\ACRONIS\ASRM.EFI
GUID: B27016DA-EAE6-4980-A01D-5E723983A200
Partition number: 2
Begin: 65664
Partition Size: 532480

----------------

Hex dump
09 00 00 00 76 00 41 00 63 00 72 00 6F 00 6E 00 69 00 73 00 20 00 6C 00 6F 00 61 00 64 00 65 00 72 00 00 00 01 04 14 00 E7 75 E2 99 A0 75 37 4B A2 E6 C5 38 5E 6C 00 CB 7F FF 04 00 04 01 2A 00 02 00 00 00 80 00 01 00 00 00 00 00 00 20 08 00 00 00 00 00 DA 16 70 B2 E6 EA 80 49 A0 1D 5E 72 39 83 A2 00 02 02 04 04 30 00 5C 00 45 00 46 00 49 00 5C 00 41 00 43 00 52 00 4F 00 4E 00 49 00 53 00 5C 00 41 00 53 00 52 00 4D 00 2E 00 45 00 46 00 49 00 00 00 7F FF 04 00 41 53 52 4D 


***

---- 1 ----
Description: Windows Boot Manager
Path: \EFI\MICROSOFT\BOOT\BOOTMGFW.EFI
GUID: 9C0C9FDF-5D62-4C8F-99D8-E106646AEAFB
Partition number: 1
Begin: 2048
Partition Size: 532480

----------------

Hex dump
09 00 00 00 74 00 57 00 69 00 6E 00 64 00 6F 00 77 00 73 00 20 00 42 00 6F 00 6F 00 74 00 20 00 4D 00 61 00 6E 00 61 00 67 00 65 00 72 00 00 00 04 01 2A 00 01 00 00 00 00 08 00 00 00 00 00 00 00 20 08 00 00 00 00 00 DF 9F 0C 9C 62 5D 8F 4C 99 D8 E1 06 64 6A EA FB 02 02 04 04 46 00 5C 00 45 00 46 00 49 00 5C 00 4D 00 49 00 43 00 52 00 4F 00 53 00 4F 00 46 00 54 00 5C 00 42 00 4F 00 4F 00 54 00 5C 00 42 00 4F 00 4F 00 54 00 4D 00 47 00 46 00 57 00 2E 00 45 00 46 00 49 00 00 00 7F FF 04 00 57 49 4E 44 4F 57 53 00 01 00 00 00 88 00 00 00 78 00 00 00 42 00 43 00 44 00 4F 00 42 00 4A 00 45 00 43 00 54 00 3D 00 7B 00 39 00 64 00 65 00 61 00 38 00 36 00 32 00 63 00 2D 00 35 00 63 00 64 00 64 00 2D 00 34 00 65 00 37 00 30 00 2D 00 61 00 63 00 63 00 31 00 2D 00 66 00 33 00 32 00 62 00 33 00 34 00 34 00 64 00 34 00 37 00 39 00 35 00 7D 00 00 00 00 00 01 00 00 00 10 00 00 00 04 00 00 00 7F FF 04 00 


***

---- 7 ----
Description: UEFI: PXE IPV6 Intel(R) Ethernet Connection (7) I219-V
Path: Unknown
GUID: Unknown
Partition number: Unknown
Begin: Unknown
Partition Size: Unknown

----------------

Hex dump
00 00 00 00 EF 00 55 00 45 00 46 00 49 00 3A 00 20 00 50 00 58 00 45 00 20 00 49 00 50 00 56 00 36 00 20 00 49 00 6E 00 74 00 65 00 6C 00 28 00 52 00 29 00 20 00 45 00 74 00 68 00 65 00 72 00 6E 00 65 00 74 00 20 00 43 00 6F 00 6E 00 6E 00 65 00 63 00 74 00 69 00 6F 00 6E 00 20 00 28 00 37 00 29 00 20 00 49 00 32 00 31 00 39 00 2D 00 56 00 00 00 02 01 0C 00 D0 41 03 0A 00 00 00 00 01 01 06 00 06 1F 03 0B 25 00 F8 75 A4 09 60 43 00 00 00 00 00 00 00 00 00 00 00 00 00 00 00 00 00 00 00 00 00 00 00 00 00 00 00 03 0D 3C 00 00 00 00 00 00 00 00 00 00 00 00 00 00 00 00 00 00 00 00 00 00 00 00 00 00 00 00 00 00 00 00 00 00 00 00 00 00 00 00 40 00 00 00 00 00 00 00 00 00 00 00 00 00 00 00 00 7F FF 04 00 01 04 74 00 EF 47 64 2D C9 3B A0 41 AC 19 4D 51 D0 1B 4C E6 50 00 58 00 45 00 20 00 49 00 50 00 36 00 20 00 49 00 6E 00 74 00 65 00 6C 00 28 00 52 00 29 00 20 00 45 00 74 00 68 00 65 00 72 00 6E 00 65 00 74 00 20 00 43 00 6F 00 6E 00 6E 00 65 00 63 00 74 00 69 00 6F 00 6E 00 20 00 28 00 37 00 29 00 20 00 49 00 32 00 31 00 39 00 2D 00 56 00 00 00 7F FF 04 00 00 00 42 4F 


***

---- 2 ----
Description: ubuntu
Path: \EFI\UBUNTU\SHIMX64.EFI
GUID: 9C0C9FDF-5D62-4C8F-99D8-E106646AEAFB
Partition number: 1
Begin: 2048
Partition Size: 532480

----------------

Hex dump
01 00 00 00 62 00 75 00 62 00 75 00 6E 00 74 00 75 00 00 00 04 01 2A 00 01 00 00 00 00 08 00 00 00 00 00 00 00 20 08 00 00 00 00 00 DF 9F 0C 9C 62 5D 8F 4C 99 D8 E1 06 64 6A EA FB 02 02 04 04 34 00 5C 00 45 00 46 00 49 00 5C 00 55 00 42 00 55 00 4E 00 54 00 55 00 5C 00 53 00 48 00 49 00 4D 00 58 00 36 00 34 00 2E 00 45 00 46 00 49 00 00 00 7F FF 04 00 


***

---- 8 ----
Description: ubuntu
Path: \EFI\UBUNTU\GRUBX64.EFI
GUID: 9C0C9FDF-5D62-4C8F-99D8-E106646AEAFB
Partition number: 1
Begin: 2048
Partition Size: 532480

----------------

Hex dump
01 00 00 00 62 00 75 00 62 00 75 00 6E 00 74 00 75 00 00 00 04 01 2A 00 01 00 00 00 00 08 00 00 00 00 00 00 00 20 08 00 00 00 00 00 DF 9F 0C 9C 62 5D 8F 4C 99 D8 E1 06 64 6A EA FB 02 02 04 04 34 00 5C 00 45 00 46 00 49 00 5C 00 55 00 42 00 55 00 4E 00 54 00 55 00 5C 00 47 00 52 00 55 00 42 00 58 00 36 00 34 00 2E 00 45 00 46 00 49 00 00 00 7F FF 04 00 00 00 42 4F 


***

---- 9 ----
Description: UEFI: SanDisk, Partition 1
Path: Unknown
GUID: 88456E4D-C6A6-445F-BB4B-1080F50C7DA3
Partition number: 1
Begin: 2048
Partition Size: 15155200

----------------

Hex dump
01 00 00 00 50 01 55 00 45 00 46 00 49 00 3A 00 20 00 53 00 61 00 6E 00 44 00 69 00 73 00 6B 00 2C 00 20 00 50 00 61 00 72 00 74 00 69 00 74 00 69 00 6F 00 6E 00 20 00 31 00 00 00 02 01 0C 00 D0 41 03 0A 00 00 00 00 01 01 06 00 00 14 03 05 06 00 11 00 04 01 2A 00 01 00 00 00 00 08 00 00 00 00 00 00 00 40 E7 00 00 00 00 00 4D 6E 45 88 A6 C6 5F 44 BB 4B 10 80 F5 0C 7D A3 02 02 7F FF 04 00 01 04 06 01 EF 47 64 2D C9 3B A0 41 AC 19 4D 51 D0 1B 4C E6 30 00 31 00 30 00 31 00 35 00 33 00 35 00 30 00 31 00 66 00 36 00 36 00 32 00 62 00 31 00 65 00 31 00 33 00 65 00 63 00 38 00 33 00 39 00 61 00 36 00 34 00 63 00 65 00 36 00 63 00 62 00 62 00 61 00 31 00 65 00 34 00 62 00 61 00 61 00 34 00 65 00 35 00 37 00 38 00 34 00 62 00 62 00 39 00 30 00 64 00 65 00 34 00 65 00 62 00 37 00 38 00 38 00 36 00 39 00 63 00 66 00 63 00 38 00 37 00 61 00 39 00 66 00 35 00 30 00 30 00 30 00 30 00 30 00 30 00 30 00 30 00 30 00 30 00 30 00 30 00 30 00 30 00 30 00 30 00 30 00 30 00 30 00 30 00 61 00 66 00 61 00 66 00 65 00 65 00 63 00 30 00 66 00 66 00 30 00 38 00 35 00 31 00 30 00 30 00 38 00 31 00 35 00 35 00 38 00 31 00 30 00 37 00 61 00 38 00 61 00 36 00 33 00 32 00 31 00 36 00 00 00 7F FF 04 00 00 00 42 4F 
Boot variables in Boot Order:

***

2 8 9 6 7 0 4 5 1

***

