210
224



01 00 00 00 74 00 57 00 69 00 6E 00 64 00 6F 00 77 00 73 00 20 00 42 00 6F 00 6F 00 74 00 20 00 4D 00 61 00 6E 00 61 00 67 00 65 00 72 00
00 00 04 01 2A 00 01 00 00 00 00 08 00 00 00 00 00 00 00 20 08 00 00 00 00 00 DF 9F 0C 9C 62 5D 8F 4C 99 D8 E1 06 64 6A EA FB 02 02 04 04
46 00 5C 00 45 00 46 00 49 00 5C 00 4D 00 49 00 43 00 52 00 4F 00 53 00 4F 00 46 00 54 00 5C 00 42 00 4F 00 4F 00 54 00 5C 00 42 00 4F 00
4F 00 54 00 4D 00 47 00 46 00 57 00 2E 00 45 00 46 00 49 00 00 00 7F FF 04 00 57 49 4E 44 4F 57 53 00 01 00 00 00 88 00 00 00 78 00 00 00
42 00 43 00 44 00 4F 00 42 00 4A 00 45 00 43 00 54 00 3D 00 7B 00 39 00 64 00 65 00 61 00 38 00 36 00 32 00 63 00 2D 00 35 00 63 00 64 00
64 00 2D 00 34 00 65 00 37 00 30 00 2D 00 61 00 63 00 63 00 31 00 2D 00 66 00 33 00 32 00 62 00 33 00 34 00 34 00 64 00 34 00 37 00 39 00 
35 00 7D 00 00 00 00 00 01 00 00 00 10 00 00 00 04 00 00 00 7F FF 04 00 



09 00 00 00 74 00 57 00 69 00 6E 00 64 00 6F 00 77 00 73 00 20 00 42 00 6F 00 6F 00 74 00 20 00 4D 00 61 00 6E 00 61 00 67 00 65 00 72 00
00 00 04 01 2A 00 01 00 00 00 00 08 00 00 00 00 00 00 00 20 08 00 00 00 00 00 DF 9F 0C 9C 62 5D 8F 4C 99 D8 E1 06 64 6A EA FB 02 02 04 04
46 00 5C 00 45 00 46 00 49 00 5C 00 4D 00 49 00 43 00 52 00 4F 00 53 00 4F 00 46 00 54 00 5C 00 42 00 4F 00 4F 00 54 00 5C 00 42 00 4F 00 
4F 00 54 00 4D 00 47 00 46 00 57 00 2E 00 45 00 46 00 49 00 00 00 7F FF 04 00 57 49 4E 44 4F 57 53 00 01 00 00 00 88 00 00 00 78 00 00 00
42 00 43 00 44 00 4F 00 42 00 4A 00 45 00 43 00 54 00 3D 00 7B 00 39 00 64 00 65 00 61 00 38 00 36 00 32 00 63 00 2D 00 35 00 63 00 64 00
64 00 2D 00 34 00 65 00 37 00 30 00 2D 00 61 00 63 00 63 00 31 00 2D 00 66 00 33 00 32 00 62 00 33 00 34 00 34 00 64 00 34 00 37 00 39 00 
35 00 7D 00 00 00 00 00 01 00 00 00 10 00 00 00 04 00 00 00 7F FF 04 00 

Boot0001* Windows Boot Manager	HD(1,GPT,9c0c9fdf-5d62-4c8f-99d8-e106646aeafb,0x800,0x82000)/File(\EFI\MICROSOFT\BOOT\BOOTMGFW.EFI)WINDOWS.........x...B.C.D.O.B.J.E.C.T.=.{.9.d.e.a.8.6.2.c.-.5.c.d.d.-.4.e.7.0.-.a.c.c.1.-.f.3.2.b.3.4.4.d.4.7.9.5.}....................





Boot variables are allowed on this system

GUID: 9C0C9FDF-5D62-4C8F-99D8-E106646AEAFB
GUID: 9C0C9FDF-5D62-4C8F-99D8-E106646AEAFB

GUID: 9C0C9FDF-5D62-4C8F-99D8-E106646AEAFB


     (9C0C9FDF 4C8F 5D62 06E1 D899   FBEA 6A64)

    DF 9F 0C 9C  62 5D 8F 4C    99 D8 E1 06    64 6A EA FB               ßŸ.œb]L™Øá.djêû


    Partition 1: \local\hd_ev\vol_guid(9C0C9FDF4C8F5D6206E1D899FBEA6A64)
    Partition 1: \local\hd_ev\vol_guid(9C0C9FDF4C8F5D6206E1D899FBEA6A64)


    010  DF 9F 0C 9C 62 5D 8F 4C 99 D8 E1 06 64 6A EA FB  ßŸ.œb]L™Øá.djêû
    010  DF 9F 0C 9C 62 5D 8F 4C 99 D8 E1 06 64 6A EA FB  ßŸ.œb]L™Øá.djêû



00 00 00 08 00 00 00 00 00 00 00 20 08 00 00 00 00 00 DF 9F 0C 9C 62 5D 8F 4C 99 D8 E1 06 64 6A EA FB 02 02 04 04 46 00 5C 00 45 00 46 00 
00 00 00 08 00 00 00 00 00 00 00 20 08 00 00 00 00 00 DF 9F 0C 9C 62 5D 8F 4C 99 D8 E1 06 64 6A EA FB 02 02 04 04 46 00 5C 00 45 00 46 00 49 00 5C 00 4D 00 49 00 

Boot variables are allowed on this system


